5 10 2
2 3 5 7 13
5 30 2
2 3 5 7 13
3 30 1
2 3 5
5 120 2
2 3 5 7 13
10 100000000 2
2 3 5 7 11 13 17 19 23 29
20 100000000 2
2 3 5 7 11 13 17 19 23 29 31 37 41 43 47 53 59 61 67 71
20 100000000 3
2 3 5 7 11 13 17 19 23 29 31 37 41 43 47 53 59 61 67 71
20 100000000 4
2 3 5 7 11 13 17 19 23 29 31 37 41 43 47 53 59 61 67 71
20 100000000 5
2 3 5 7 11 13 17 19 23 29 31 37 41 43 47 53 59 61 67 71
20 100000000 6
2 3 5 7 11 13 17 19 23 29 31 37 41 43 47 53 59 61 67 71
20 100000000 7
2 3 5 7 11 13 17 19 23 29 31 37 41 43 47 53 59 61 67 71
20 100000000 8
2 3 5 7 11 13 17 19 23 29 31 37 41 43 47 53 59 61 67 71
20 100000000 9
2 3 5 7 11 13 17 19 23 29 31 37 41 43 47 53 59 61 67 71
20 100000000 10
2 3 5 7 11 13 17 19 23 29 31 37 41 43 47 53 59 61 67 71
20 100000000 11
2 3 5 7 11 13 17 19 23 29 31 37 41 43 47 53 59 61 67 71
20 100000000 12
2 3 5 7 11 13 17 19 23 29 31 37 41 43 47 53 59 61 67 71
20 100000000 13
2 3 5 7 11 13 17 19 23 29 31 37 41 43 47 53 59 61 67 71
20 100000000 14
2 3 5 7 11 13 17 19 23 29 31 37 41 43 47 53 59 61 67 71
20 100000000 15
2 3 5 7 11 13 17 19 23 29 31 37 41 43 47 53 59 61 67 71
20 100000000 16
2 3 5 7 11 13 17 19 23 29 31 37 41 43 47 53 59 61 67 71
20 100000000 17
2 3 5 7 11 13 17 19 23 29 31 37 41 43 47 53 59 61 67 71
20 100000000 18
2 3 5 7 11 13 17 19 23 29 31 37 41 43 47 53 59 61 67 71
20 100000000 19
2 3 5 7 11 13 17 19 23 29 31 37 41 43 47 53 59 61 67 71
20 100000000 20
2 3 5 7 11 13 17 19 23 29 31 37 41 43 47 53 59 61 67 71
0 0 0